   0.0000000e+00   4.1423070e-02
   6.0000000e+01   4.1423070e-02
   1.2000000e+02   4.1423070e-02
   1.8000000e+02   4.1423070e-02
   2.4000000e+02   4.1423070e-02
   3.0000000e+02   4.1423070e-02
   3.6000000e+02   4.1423070e-02
   4.2000000e+02   4.1423070e-02
   4.8000000e+02   4.1423070e-02
   5.4000000e+02   4.1423070e-02
   6.0000000e+02   4.1423070e-02
   6.6000000e+02   4.1423068e-02
   7.2000000e+02   4.1423061e-02
   7.8000000e+02   4.1423041e-02
   8.4000000e+02   4.1422988e-02
   9.0000000e+02   4.1422852e-02
   9.6000000e+02   4.1422531e-02
   1.0200000e+03   4.1421812e-02
   1.0800000e+03   4.1420278e-02
   1.1400000e+03   4.1417148e-02
   1.2000000e+03   4.1411015e-02
   1.2600000e+03   4.1399431e-02
   1.3200000e+03   4.1378297e-02
   1.3800000e+03   4.1341027e-02
   1.4400000e+03   4.1277507e-02
   1.5000000e+03   4.1173095e-02
   1.5600000e+03   4.1008193e-02
   1.6200000e+03   4.0759395e-02
   1.6800000e+03   4.0403350e-02
   1.7400000e+03   3.9923660e-02
   1.8000000e+03   3.9318849e-02
   1.8600000e+03   3.8606975e-02
   1.9200000e+03   3.7822956e-02
   1.9800000e+03   3.7009227e-02
   2.0400000e+03   3.6204886e-02
   2.1000000e+03   3.5438591e-02
   2.1600000e+03   3.4726772e-02
   2.2200000e+03   3.4075578e-02
   2.2800000e+03   3.3484179e-02
   2.3400000e+03   3.2947817e-02
   2.4000000e+03   3.2460022e-02
   2.4600000e+03   3.2013980e-02
   2.5200000e+03   3.1603264e-02
   2.5800000e+03   3.1222158e-02
   2.6400000e+03   3.0865758e-02
   2.7000000e+03   3.0529940e-02
   2.7600000e+03   3.0211286e-02
   2.8200000e+03   2.9906985e-02
   2.8800000e+03   2.9614740e-02
   2.9400000e+03   2.9332676e-02
   3.0000000e+03   2.9059268e-02
   3.0600000e+03   2.8793279e-02
   3.1200000e+03   2.8533702e-02
   3.1800000e+03   2.8279719e-02
   3.2400000e+03   2.8030666e-02
   3.3000000e+03   2.7786001e-02
   3.3600000e+03   2.7545285e-02
   3.4200000e+03   2.7308158e-02
   3.4800000e+03   2.7074324e-02
   3.5400000e+03   2.6843542e-02
   3.6000000e+03   2.6615613e-02
   3.6600000e+03   2.6390370e-02
   3.7200000e+03   2.6167676e-02
   3.7800000e+03   2.5947415e-02
   3.8400000e+03   2.5729490e-02
   3.9000000e+03   2.5513816e-02
   3.9600000e+03   2.5300322e-02
   4.0200000e+03   2.5088945e-02
   4.0800000e+03   2.4879631e-02
   4.1400000e+03   2.4672331e-02
   4.2000000e+03   2.4467002e-02
   4.2600000e+03   2.4263604e-02
   4.3200000e+03   2.4062102e-02
   4.3800000e+03   2.3862463e-02
   4.4400000e+03   2.3664656e-02
   4.5000000e+03   2.3468652e-02
   4.5600000e+03   2.3274425e-02
   4.6200000e+03   2.3081950e-02
   4.6800000e+03   2.2891201e-02
   4.7400000e+03   2.2702157e-02
   4.8000000e+03   2.2514795e-02
   4.8600000e+03   2.2329094e-02
   4.9200000e+03   2.2145033e-02
   4.9800000e+03   2.1962593e-02
   5.0400000e+03   2.1781754e-02
   5.1000000e+03   2.1602498e-02
   5.1600000e+03   2.1424807e-02
   5.2200000e+03   2.1248663e-02
   5.2800000e+03   2.1074049e-02
   5.3400000e+03   2.0900948e-02
   5.4000000e+03   2.0729344e-02
   5.4600000e+03   2.0559220e-02
   5.5200000e+03   2.0390562e-02
   5.5800000e+03   2.0223353e-02
   5.6400000e+03   2.0057579e-02
   5.7000000e+03   1.9893225e-02
   5.7600000e+03   1.9730276e-02
   5.8200000e+03   1.9568719e-02
   5.8800000e+03   1.9408539e-02
   5.9400000e+03   1.9249722e-02
   6.0000000e+03   1.9092256e-02
   6.0600000e+03   1.8936126e-02
   6.1200000e+03   1.8781320e-02
   6.1800000e+03   1.8627825e-02
   6.2400000e+03   1.8475628e-02
   6.3000000e+03   1.8324717e-02
   6.3600000e+03   1.8175080e-02
   6.4200000e+03   1.8026704e-02
   6.4800000e+03   1.7879577e-02
   6.5400000e+03   1.7733688e-02
   6.6000000e+03   1.7589025e-02
   6.6600000e+03   1.7445577e-02
   6.7200000e+03   1.7303333e-02
   6.7800000e+03   1.7162281e-02
   6.8400000e+03   1.7022410e-02
   6.9000000e+03   1.6883710e-02
   6.9600000e+03   1.6746169e-02
   7.0200000e+03   1.6609778e-02
   7.0800000e+03   1.6474526e-02
   7.1400000e+03   1.6340402e-02
   7.2000000e+03   1.6207396e-02
   7.2600000e+03   1.6075499e-02
   7.3200000e+03   1.5944699e-02
   7.3800000e+03   1.5814989e-02
   7.4400000e+03   1.5686357e-02
   7.5000000e+03   1.5558794e-02
   7.5600000e+03   1.5432291e-02
   7.6200000e+03   1.5306838e-02
   7.6800000e+03   1.5182426e-02
   7.7400000e+03   1.5059046e-02
   7.8000000e+03   1.4936689e-02
   7.8600000e+03   1.4815345e-02
   7.9200000e+03   1.4695006e-02
   7.9800000e+03   1.4575664e-02
   8.0400000e+03   1.4457308e-02
   8.1000000e+03   1.4339931e-02
   8.1600000e+03   1.4223525e-02
   8.2200000e+03   1.4108080e-02
   8.2800000e+03   1.3993589e-02
   8.3400000e+03   1.3880043e-02
   8.4000000e+03   1.3767433e-02
   8.4600000e+03   1.3655753e-02
   8.5200000e+03   1.3544994e-02
   8.5800000e+03   1.3435147e-02
   8.6400000e+03   1.3326206e-02
   8.7000000e+03   1.3218162e-02
   8.7600000e+03   1.3111008e-02
   8.8200000e+03   1.3004736e-02
   8.8800000e+03   1.2899338e-02
   8.9400000e+03   1.2794807e-02
   9.0000000e+03   1.2691136e-02
   9.0600000e+03   1.2588317e-02
   9.1200000e+03   1.2486343e-02
   9.1800000e+03   1.2385207e-02
   9.2400000e+03   1.2284902e-02
   9.3000000e+03   1.2185420e-02
   9.3600000e+03   1.2086755e-02
   9.4200000e+03   1.1988900e-02
   9.4800000e+03   1.1891847e-02
   9.5400000e+03   1.1795591e-02
   9.6000000e+03   1.1700124e-02
   9.6600000e+03   1.1605440e-02
   9.7200000e+03   1.1511531e-02
   9.7800000e+03   1.1418393e-02
   9.8400000e+03   1.1326017e-02
   9.9000000e+03   1.1234398e-02
   9.9600000e+03   1.1143529e-02
   1.0020000e+04   1.1053404e-02
   1.0080000e+04   1.0964017e-02
   1.0140000e+04   1.0875362e-02
   1.0200000e+04   1.0787431e-02
   1.0260000e+04   1.0700221e-02
   1.0320000e+04   1.0613723e-02
   1.0380000e+04   1.0527932e-02
   1.0440000e+04   1.0442843e-02
   1.0500000e+04   1.0358450e-02
   1.0560000e+04   1.0274746e-02
   1.0620000e+04   1.0191726e-02
   1.0680000e+04   1.0109384e-02
   1.0740000e+04   1.0027715e-02
   1.0800000e+04   9.9467131e-03
   1.0860000e+04   9.8663722e-03
   1.0920000e+04   9.7866872e-03
   1.0980000e+04   9.7076527e-03
   1.1040000e+04   9.6292631e-03
   1.1100000e+04   9.5515131e-03
   1.1160000e+04   9.4743974e-03
   1.1220000e+04   9.3979108e-03
   1.1280000e+04   9.3220479e-03
   1.1340000e+04   9.2468037e-03
   1.1400000e+04   9.1721730e-03
   1.1460000e+04   9.0981506e-03
   1.1520000e+04   9.0247316e-03
   1.1580000e+04   8.9519109e-03
   1.1640000e+04   8.8796836e-03
   1.1700000e+04   8.8080447e-03
   1.1760000e+04   8.7369894e-03
   1.1820000e+04   8.6665129e-03
   1.1880000e+04   8.5966104e-03
   1.1940000e+04   8.5272770e-03
   1.2000000e+04   8.4585082e-03
   1.2060000e+04   8.3902991e-03
   1.2120000e+04   8.3226453e-03
   1.2180000e+04   8.2555421e-03
   1.2240000e+04   8.1889850e-03
   1.2300000e+04   8.1245006e-03
   1.2360000e+04   8.0689460e-03
   1.2420000e+04   8.0251860e-03
   1.2480000e+04   7.9901131e-03
   1.2540000e+04   7.9615770e-03
   1.2600000e+04   7.9380524e-03
   1.2660000e+04   7.9184332e-03
   1.2720000e+04   7.9019020e-03
   1.2780000e+04   7.8878442e-03
   1.2840000e+04   7.8757907e-03
   1.2900000e+04   7.8653783e-03
   1.2960000e+04   7.8563224e-03
   1.3020000e+04   7.8483974e-03
   1.3080000e+04   7.8414229e-03
   1.3140000e+04   7.8352528e-03
   1.3200000e+04   7.8297682e-03
   1.3260000e+04   7.8248711e-03
   1.3320000e+04   7.8204808e-03
   1.3380000e+04   7.8165295e-03
   1.3440000e+04   7.8129608e-03
   1.3500000e+04   7.8097268e-03
   1.3560000e+04   7.8067869e-03
   1.3620000e+04   7.8041066e-03
   1.3680000e+04   7.8016562e-03
   1.3740000e+04   7.7994101e-03
   1.3800000e+04   7.7973463e-03
   1.3860000e+04   7.7954455e-03
   1.3920000e+04   7.7936911e-03
   1.3980000e+04   7.7920684e-03
   1.4040000e+04   7.7905645e-03
   1.4100000e+04   7.7891682e-03
   1.4160000e+04   7.7878693e-03
   1.4220000e+04   7.7866591e-03
   1.4280000e+04   7.7855296e-03
   1.4340000e+04   7.7844739e-03
   1.4400000e+04   7.7834857e-03
   1.4460000e+04   7.7825592e-03
   1.4520000e+04   7.7816896e-03
   1.4580000e+04   7.7808721e-03
   1.4640000e+04   7.7801028e-03
   1.4700000e+04   7.7793780e-03
   1.4760000e+04   7.7786942e-03
   1.4820000e+04   7.7780484e-03
   1.4880000e+04   7.7774379e-03
   1.4940000e+04   7.7768602e-03
   1.5000000e+04   7.7763128e-03
   1.5060000e+04   7.7757938e-03
   1.5120000e+04   7.7753013e-03
   1.5180000e+04   7.7748334e-03
   1.5240000e+04   7.7743885e-03
   1.5300000e+04   7.7739651e-03
   1.5360000e+04   7.7735620e-03
   1.5420000e+04   7.7731777e-03
   1.5480000e+04   7.7728113e-03
   1.5540000e+04   7.7724615e-03
   1.5600000e+04   7.7721273e-03
   1.5660000e+04   7.7718079e-03
   1.5720000e+04   7.7715025e-03
   1.5780000e+04   7.7712101e-03
   1.5840000e+04   7.7709301e-03
   1.5900000e+04   7.7706618e-03
   1.5960000e+04   7.7704045e-03
   1.6020000e+04   7.7701576e-03
   1.6080000e+04   7.7699207e-03
   1.6140000e+04   7.7696931e-03
   1.6200000e+04   7.7694743e-03
   1.6260000e+04   7.7692640e-03
   1.6320000e+04   7.7690617e-03
   1.6380000e+04   7.7688670e-03
   1.6440000e+04   7.7686795e-03
   1.6500000e+04   7.7684989e-03
   1.6560000e+04   7.7683248e-03
   1.6620000e+04   7.7681569e-03
   1.6680000e+04   7.7679950e-03
   1.6740000e+04   7.7678387e-03
   1.6800000e+04   7.7676878e-03
   1.6860000e+04   7.7675420e-03
   1.6920000e+04   7.7674012e-03
   1.6980000e+04   7.7672651e-03
   1.7040000e+04   7.7671334e-03
   1.7100000e+04   7.7670061e-03
   1.7160000e+04   7.7668828e-03
   1.7220000e+04   7.7667635e-03
   1.7280000e+04   7.7666480e-03
   1.7340000e+04   7.7665361e-03
   1.7400000e+04   7.7664277e-03
   1.7460000e+04   7.7663225e-03
   1.7520000e+04   7.7662206e-03
   1.7580000e+04   7.7661217e-03
   1.7640000e+04   7.7660258e-03
   1.7700000e+04   7.7659327e-03
   1.7760000e+04   7.7658423e-03
   1.7820000e+04   7.7657545e-03
   1.7880000e+04   7.7656692e-03
   1.7940000e+04   7.7655863e-03
   1.8000000e+04   7.7655058e-03
   1.8060000e+04   7.7654275e-03
   1.8120000e+04   7.7653514e-03
   1.8180000e+04   7.7652773e-03
   1.8240000e+04   7.7652052e-03
   1.8300000e+04   7.7651351e-03
   1.8360000e+04   7.7650668e-03
   1.8420000e+04   7.7650004e-03
   1.8480000e+04   7.7649356e-03
   1.8540000e+04   7.7648726e-03
   1.8600000e+04   7.7648111e-03
   1.8660000e+04   7.7647513e-03
   1.8720000e+04   7.7646929e-03
   1.8780000e+04   7.7646360e-03
   1.8840000e+04   7.7645805e-03
   1.8900000e+04   7.7645264e-03
   1.8960000e+04   7.7644736e-03
   1.9020000e+04   7.7644220e-03
   1.9080000e+04   7.7643717e-03
   1.9140000e+04   7.7643226e-03
   1.9200000e+04   7.7642747e-03
   1.9260000e+04   7.7642279e-03
   1.9320000e+04   7.7641822e-03
   1.9380000e+04   7.7641375e-03
   1.9440000e+04   7.7640939e-03
   1.9500000e+04   7.7640512e-03
   1.9560000e+04   7.7640095e-03
   1.9620000e+04   7.7639688e-03
   1.9680000e+04   7.7639289e-03
   1.9740000e+04   7.7638900e-03
   1.9800000e+04   7.7638519e-03
   1.9860000e+04   7.7638146e-03
   1.9920000e+04   7.7637781e-03
   1.9980000e+04   7.7637424e-03
   2.0040000e+04   7.7637075e-03
   2.0100000e+04   7.7636733e-03
   2.0160000e+04   7.7636398e-03
   2.0220000e+04   7.7636070e-03
   2.0280000e+04   7.7635749e-03
   2.0340000e+04   7.7635435e-03
   2.0400000e+04   7.7635127e-03
   2.0460000e+04   7.7634825e-03
   2.0520000e+04   7.7634529e-03
   2.0580000e+04   7.7634240e-03
   2.0640000e+04   7.7633956e-03
   2.0700000e+04   7.7633677e-03
   2.0760000e+04   7.7633404e-03
   2.0820000e+04   7.7633137e-03
   2.0880000e+04   7.7632874e-03
   2.0940000e+04   7.7632617e-03
   2.1000000e+04   7.7632365e-03
   2.1060000e+04   7.7632117e-03
   2.1120000e+04   7.7631874e-03
   2.1180000e+04   7.7631635e-03
   2.1240000e+04   7.7631401e-03
   2.1300000e+04   7.7631172e-03
   2.1360000e+04   7.7630946e-03
   2.1420000e+04   7.7630725e-03
   2.1480000e+04   7.7630508e-03
   2.1540000e+04   7.7630295e-03
   2.1600000e+04   7.7630085e-03
   2.1660000e+04   7.7629879e-03
   2.1720000e+04   7.7629677e-03
   2.1780000e+04   7.7629479e-03
   2.1840000e+04   7.7629284e-03
   2.1900000e+04   7.7629092e-03
   2.1960000e+04   7.7628904e-03
   2.2020000e+04   7.7628719e-03
   2.2080000e+04   7.7628537e-03
   2.2140000e+04   7.7628358e-03
   2.2200000e+04   7.7628182e-03
   2.2260000e+04   7.7628009e-03
   2.2320000e+04   7.7627839e-03
   2.2380000e+04   7.7627672e-03
   2.2440000e+04   7.7627508e-03
   2.2500000e+04   7.7627347e-03
   2.2560000e+04   7.7627188e-03
   2.2620000e+04   7.7627031e-03
   2.2680000e+04   7.7626877e-03
   2.2740000e+04   7.7626726e-03
   2.2800000e+04   7.7626577e-03
   2.2860000e+04   7.7626431e-03
   2.2920000e+04   7.7626287e-03
   2.2980000e+04   7.7626145e-03
   2.3040000e+04   7.7626005e-03
   2.3100000e+04   7.7625867e-03
   2.3160000e+04   7.7625732e-03
   2.3220000e+04   7.7625599e-03
   2.3280000e+04   7.7625468e-03
   2.3340000e+04   7.7625338e-03
   2.3400000e+04   7.7625211e-03
   2.3460000e+04   7.7625086e-03
   2.3520000e+04   7.7624962e-03
   2.3580000e+04   7.7624841e-03
   2.3640000e+04   7.7624721e-03
   2.3700000e+04   7.7624603e-03
   2.3760000e+04   7.7624487e-03
   2.3820000e+04   7.7624372e-03
   2.3880000e+04   7.7624260e-03
   2.3940000e+04   7.7624148e-03
   2.4000000e+04   7.7624039e-03
   2.4060000e+04   7.7623931e-03
   2.4120000e+04   7.7623824e-03
   2.4180000e+04   7.7623719e-03
   2.4240000e+04   7.7623616e-03
   2.4300000e+04   7.7623514e-03
   2.4360000e+04   7.7623413e-03
   2.4420000e+04   7.7623314e-03
   2.4480000e+04   7.7623217e-03
   2.4540000e+04   7.7623120e-03
   2.4600000e+04   7.7623025e-03
   2.4660000e+04   7.7622931e-03
   2.4720000e+04   7.7622839e-03
   2.4780000e+04   7.7622748e-03
   2.4840000e+04   7.7622658e-03
   2.4900000e+04   7.7622569e-03
   2.4960000e+04   7.7622481e-03
   2.5020000e+04   7.7622395e-03
   2.5080000e+04   7.7622310e-03
   2.5140000e+04   7.7622226e-03
   2.5200000e+04   7.7622143e-03
   2.5260000e+04   7.7622061e-03
   2.5320000e+04   7.7621980e-03
   2.5380000e+04   7.7621900e-03
   2.5440000e+04   7.7621822e-03
   2.5500000e+04   7.7621744e-03
   2.5560000e+04   7.7621667e-03
   2.5620000e+04   7.7621591e-03
   2.5680000e+04   7.7621517e-03
   2.5740000e+04   7.7621443e-03
   2.5800000e+04   7.7621370e-03
   2.5860000e+04   7.7621298e-03
   2.5920000e+04   7.7621227e-03
   2.5980000e+04   7.7621157e-03
   2.6040000e+04   7.7621088e-03
   2.6100000e+04   7.7621019e-03
   2.6160000e+04   7.7620952e-03
   2.6220000e+04   7.7620885e-03
   2.6280000e+04   7.7620819e-03
   2.6340000e+04   7.7620754e-03
   2.6400000e+04   7.7620690e-03
   2.6460000e+04   7.7620626e-03
   2.6520000e+04   7.7620563e-03
   2.6580000e+04   7.7620501e-03
   2.6640000e+04   7.7620440e-03
   2.6700000e+04   7.7620379e-03
   2.6760000e+04   7.7620319e-03
   2.6820000e+04   7.7620260e-03
   2.6880000e+04   7.7620202e-03
   2.6940000e+04   7.7620144e-03
   2.7000000e+04   7.7620087e-03
   2.7060000e+04   7.7620031e-03
   2.7120000e+04   7.7619975e-03
   2.7180000e+04   7.7619920e-03
   2.7240000e+04   7.7619865e-03
   2.7300000e+04   7.7619811e-03
   2.7360000e+04   7.7619758e-03
   2.7420000e+04   7.7619705e-03
   2.7480000e+04   7.7619653e-03
   2.7540000e+04   7.7619602e-03
   2.7600000e+04   7.7619551e-03
   2.7660000e+04   7.7619501e-03
   2.7720000e+04   7.7619451e-03
   2.7780000e+04   7.7619402e-03
   2.7840000e+04   7.7619353e-03
   2.7900000e+04   7.7619305e-03
   2.7960000e+04   7.7619257e-03
   2.8020000e+04   7.7619210e-03
   2.8080000e+04   7.7619164e-03
   2.8140000e+04   7.7619118e-03
   2.8200000e+04   7.7619072e-03
   2.8260000e+04   7.7619027e-03
   2.8320000e+04   7.7618983e-03
   2.8380000e+04   7.7618939e-03
   2.8440000e+04   7.7618895e-03
   2.8500000e+04   7.7618852e-03
   2.8560000e+04   7.7618809e-03
   2.8620000e+04   7.7618767e-03
   2.8680000e+04   7.7618725e-03
   2.8740000e+04   7.7618684e-03
   2.8800000e+04   7.7618643e-03
   2.8860000e+04   7.7618602e-03
   2.8920000e+04   7.7618562e-03
   2.8980000e+04   7.7618522e-03
   2.9040000e+04   7.7618483e-03
   2.9100000e+04   7.7618444e-03
   2.9160000e+04   7.7618406e-03
   2.9220000e+04   7.7618368e-03
   2.9280000e+04   7.7618330e-03
   2.9340000e+04   7.7618293e-03
   2.9400000e+04   7.7618256e-03
   2.9460000e+04   7.7618219e-03
   2.9520000e+04   7.7618183e-03
   2.9580000e+04   7.7618147e-03
   2.9640000e+04   7.7618112e-03
   2.9700000e+04   7.7618077e-03
   2.9760000e+04   7.7618042e-03
   2.9820000e+04   7.7618008e-03
   2.9880000e+04   7.7617974e-03
   2.9940000e+04   7.7617940e-03
   3.0000000e+04   7.7617906e-03
   3.0060000e+04   7.7617873e-03
   3.0120000e+04   7.7617840e-03
   3.0180000e+04   7.7617808e-03
   3.0240000e+04   7.7617776e-03
   3.0300000e+04   7.7617744e-03
   3.0360000e+04   7.7617713e-03
   3.0420000e+04   7.7617681e-03
   3.0480000e+04   7.7617650e-03
   3.0540000e+04   7.7617620e-03
   3.0600000e+04   7.7617589e-03
   3.0660000e+04   7.7617559e-03
   3.0720000e+04   7.7617530e-03
   3.0780000e+04   7.7617500e-03
   3.0840000e+04   7.7617471e-03
   3.0900000e+04   7.7617442e-03
   3.0960000e+04   7.7617413e-03
   3.1020000e+04   7.7617385e-03
   3.1080000e+04   7.7617357e-03
   3.1140000e+04   7.7617329e-03
   3.1200000e+04   7.7617301e-03
   3.1260000e+04   7.7617274e-03
   3.1320000e+04   7.7617247e-03
   3.1380000e+04   7.7617220e-03
   3.1440000e+04   7.7617193e-03
   3.1500000e+04   7.7617167e-03
   3.1560000e+04   7.7617141e-03
   3.1620000e+04   7.7617115e-03
   3.1680000e+04   7.7617089e-03
   3.1740000e+04   7.7617063e-03
   3.1800000e+04   7.7617038e-03
   3.1860000e+04   7.7617013e-03
   3.1920000e+04   7.7616988e-03
   3.1980000e+04   7.7616964e-03
   3.2040000e+04   7.7616939e-03
   3.2100000e+04   7.7616915e-03
   3.2160000e+04   7.7616891e-03
   3.2220000e+04   7.7616868e-03
   3.2280000e+04   7.7616844e-03
   3.2340000e+04   7.7616821e-03
   3.2400000e+04   7.7616798e-03
   3.2460000e+04   7.7616775e-03
   3.2520000e+04   7.7616752e-03
   3.2580000e+04   7.7616730e-03
   3.2640000e+04   7.7616707e-03
   3.2700000e+04   7.7616685e-03
   3.2760000e+04   7.7616663e-03
   3.2820000e+04   7.7616641e-03
   3.2880000e+04   7.7616620e-03
   3.2940000e+04   7.7616598e-03
   3.3000000e+04   7.7616577e-03
   3.3060000e+04   7.7616556e-03
   3.3120000e+04   7.7616535e-03
   3.3180000e+04   7.7616515e-03
   3.3240000e+04   7.7616494e-03
   3.3300000e+04   7.7616474e-03
   3.3360000e+04   7.7616454e-03
   3.3420000e+04   7.7616434e-03
   3.3480000e+04   7.7616414e-03
   3.3540000e+04   7.7616394e-03
   3.3600000e+04   7.7616374e-03
   3.3660000e+04   7.7616355e-03
   3.3720000e+04   7.7616336e-03
   3.3780000e+04   7.7616317e-03
   3.3840000e+04   7.7616298e-03
   3.3900000e+04   7.7616279e-03
   3.3960000e+04   7.7616261e-03
   3.4020000e+04   7.7616242e-03
   3.4080000e+04   7.7616224e-03
   3.4140000e+04   7.7616206e-03
   3.4200000e+04   7.7616188e-03
   3.4260000e+04   7.7616170e-03
   3.4320000e+04   7.7616152e-03
   3.4380000e+04   7.7616135e-03
   3.4440000e+04   7.7616117e-03
   3.4500000e+04   7.7616100e-03
   3.4560000e+04   7.7616083e-03
   3.4620000e+04   7.7616066e-03
   3.4680000e+04   7.7616049e-03
   3.4740000e+04   7.7616032e-03
   3.4800000e+04   7.7616015e-03
   3.4860000e+04   7.7615999e-03
   3.4920000e+04   7.7615982e-03
   3.4980000e+04   7.7615966e-03
   3.5040000e+04   7.7615950e-03
   3.5100000e+04   7.7615934e-03
   3.5160000e+04   7.7615918e-03
   3.5220000e+04   7.7615902e-03
   3.5280000e+04   7.7615887e-03
   3.5340000e+04   7.7615871e-03
   3.5400000e+04   7.7615856e-03
   3.5460000e+04   7.7615840e-03
   3.5520000e+04   7.7615825e-03
   3.5580000e+04   7.7615810e-03
   3.5640000e+04   7.7615795e-03
   3.5700000e+04   7.7615780e-03
   3.5760000e+04   7.7615766e-03
   3.5820000e+04   7.7615751e-03
   3.5880000e+04   7.7615736e-03
   3.5940000e+04   7.7615722e-03
   3.6000000e+04   7.7615708e-03
